600.0 400.0
Robot 501.32656750639194 342.11248611369876 20.0
Robot 442.43445913507003 296.72640311516113 20.0
Robot 394.64622268034424 138.80698478336146 20.0
Obstacle 451.28052345753315 140.65247221433088 15.0
Obstacle 247.52359520958095 137.16121988052112 15.0
Obstacle 432.2094152643799 74.36433948288261 15.0
Obstacle 465.085382582959 89.07892763171202 15.0
Obstacle 127.91225254867322 108.35290646284585 15.0
Obstacle 586.5322516260336 30.31449176006511 15.0
Obstacle 412.0004127216647 278.234139552086 15.0
Obstacle 224.8807899941054 281.5580926384222 15.0
